726,14
726,13
726,12
726,11
726,10
726,9
726,8
726,7
726,6
726,5
738,5
738,4
738,3
738,2
738,1
738,0
0,497
0,491
737,4
737,3
737,2
737,1
737,0
736,3
736,2
736,1
736,0
735,5
735,4
735,3
735,2
735,1
735,0
0,488
0,487
734,4
734,3
734,2
734,1
734,0
733,3
733,2
733,1
733,0
732,5
732,4
732,3
732,2
0,480
0,479
732,1
732,0
731,4
731,3
731,2
731,1
731,0
730,3
730,2
730,1
730,0
729,3
729,2
729,1
729,0
728,4
728,3
728,2
728,1
728,0
727,3
727,2
727,1
727,0
726,4
726,3
726,2
726,1
726,0
725,3
725,2
725,1
725,0
724,5
724,4
724,3
724,2
724,1
724,0
723,4
723,3
723,2
723,1
723,0
722,5
722,4
722,3
722,2
722,1
722,0
721,5
0,475
721,4
721,3
721,2
721,1
721,0
720,5
720,4
720,3
720,2
720,1
720,0
719,4
719,3
719,2
719,1
719,0
718,4
718,3
718,2
718,1
718,0
717,3
717,2
717,1
717,0
704,14
704,13
704,12
704,11
704,10
704,9
704,8
704,7
704,6
704,5
0,471
0,463
14,5
14,4
0,445
716,5
716,4
716,3
716,2
716,1
716,0
0,441
715,4
715,3
715,2
715,1
715,0
714,3
714,2
714,1
714,0
713,5
713,4
713,3
713,2
713,1
713,0
712,4
712,3
712,2
712,1
712,0
711,3
711,2
711,1
711,0
710,5
710,4
710,3
710,2
710,1
710,0
0,440
0,426
709,4
709,3
709,2
0,425
0,423
709,1
709,0
708,3
708,2
708,1
